0 8215.5 66.5 8306.5 -180.0 -14.676
1 8215.5 66.642 8305.459 -180.0 -14.761
11 8215.5 66.987 8302.929 -180.0 -14.975
21 8215.5 67.494 8299.208 -180.0 -15.314
31 8215.5 68.123 8294.601 -180.0 -15.782
41 8215.5 68.83 8289.413 -180.0 -16.381
51 8215.5 69.575 8283.95 -180.0 -17.117
61 8215.5 70.316 8278.518 -180.0 -17.984
71 8215.5 71.011 8273.422 -180.0 -18.955
81 8215.5 71.618 8268.967 -180.0 -19.966
91 8215.5 72.096 8265.46 -180.0 -20.899
101 8215.5 72.404 8263.205 -180.0 -21.575
111 8215.5 72.5 8262.5 -180.0 -21.801
121 8215.5 72.5 8262.5 -180.0 -21.801
122 8215.716 72.689 8263.623 179.698 -21.03
132 8216.255 73.16 8266.414 179.016 -19.252
142 8217.069 73.873 8270.64 178.133 -16.893
152 8218.113 74.787 8276.057 177.206 -14.346
162 8219.341 75.86 8282.423 176.333 -11.887
172 8220.704 77.053 8289.494 175.559 -9.668
182 8222.156 78.324 8297.026 174.897 -7.745
192 8223.65 79.631 8304.778 174.343 -6.122
202 8225.14 80.935 8312.505 173.887 -4.777
212 8226.578 82.193 8319.965 173.516 -3.679
222 8227.917 83.365 8326.915 173.218 -2.796
232 8229.112 84.41 8333.11 172.985 -2.102
242 8230.114 85.287 8338.308 172.808 -1.577
252 8230.877 85.955 8342.267 172.684 -1.208
262 8231.354 86.372 8344.742 172.61 -0.989
272 8231.5 86.5 8345.5 172.589 -0.924
